1587790672
1587778933
1585093178
1584223279
1583613877
1582331182
1582305489
1582305483
1581894359
1581709407
1581116011
1579215723
1579215720
1578849383
1578709688
1578107533
1578107216
1575934061
1575510917
1573431214
1573007897
1568409843
1568323032
1567971768
1567374860
1567365963
1566652570
1566517406
1566517167
1564794838
1564019163
1562715081
1561771270
1560159455
1557877402
1557872309
1557740582
1557358721
1557352319
1557348704
1554156256
1553816425
1553815166
1552756579
1552688267
1552687974
1551091605
1551091061
1551047242
1550342826
1549321128
1549142099
1548811051
1548809920
1548720313
1548412663
1548412090
1547932160
1547633629
1547609880
1547399787
1547399064
1547240406
1546486952
1546387358
1545502523
1545501268
1545421125
1544821400
1544819636
1543776560
1543774053
1543774047
1543526266
1543112825
1543089634
1543088486
1543012926
1542760772
1542042213
1540660289
1540334992
1540288237
1539124113
1538732612
1538696250
1538241271
1538106388
1538106196
1538105907
1537919804
1537723770
1537488512
1537437015
1537317798
1537058922
1536963960
1536917863
1536917292
1536832076
1536456558
1536453020
1536435200
1536431039
1536429224
1535903538
1535901599
1535899952
1534611672
1534456920
1533587909
1531775608
1531010587
1530747013
1530478354
1530477846
1530471106
1530282170
1530056193
1530054982
1529862883
1529862518
1529860139
1529539764
1529345483
1529345251
1529082428
1528816593
1528226201
1528150904
1528150860
1527988599
1527961506
1527956012
1527760637
1527502101
1527500077
1527281681
1526924931
1526921078
1526920320
1526919533
1526780282
1526516715
1526514338
1524005606
1523750318
1523749677
1523748445
1520974682
1520934908
1520897204
1520896067
1518912322
1517438253
1517438099
1517361053
1517361052
1517359671
1517266328
1517265244
1516835551
1516832846
1516665683
1516665285
1516618578
1515931435
1514740252
1514740177
1513202170
1512644880
1512644150
1512523188
1512419551
1512150847
1511388456
1510743759
1510139669
1510138957
1510050614
1510007251
1506046478
1506043500
1506043497
1505595559
1498084011
1497404789
1497403919
1495066114
1486682823
1486517104
1486153284
1486152584
1486152579
1485299688
1483993408
1483565462
1480646202
1480645850
1480643958
1479412145
1479400243
1479141805
1478662999
1478661885
1478661699
1478221186
1478118433
1477610649
1477609893
1477608997
1473807812
1473807297
1470682467
1467332763
1464003459
1463610011
1463318252
1462837688
1461457591
1461455460
1459800656
1459658018
1458419469
1456355877
1456194022
1455115578
1455111219
1455060991
1455058959
1455057799
1453736664
1452704545
1452645878
1451771659
1451488281
1449168016
1448991042
1448673050
1446593544
1445222515
1442497850
1442497390
1442497079
1441289303
1441288745
1441288235
1441283871
1439956346
1439955979
1439947549
1439659697
1439564681
1439555002
1439305947
1438790801
1438642576
1438098149
1438097059
1438095928
1438093977
1437419701
1435010446
1434661681
1434660403
1432912267
1432140262
1432137325
1432137322
1429292820
1429292015
1428515236
1428509771
1427408277
1427339949
1427337568
1427336705
1427336190
1427331777
1426886749
1426560445
1426558529
1425913753
1425912463
1425911934
1425494116
1425493177
1425491862
1425491405
1425489901
1424730996
1423694297
1423693770
1422542951
1422385893
1421180487
1421177759
1421177756
1420993882
1420748074
1420747801
1420441635
1420437040
1420436632
1420435175
1419339806
1418694417
1418676054
1418665690
1418516609
1418515724
1418514065
1418513440
1418166783
1418165657
1418165587
1417996584
1417995936
1417994943
1417828748
1417827318
1417825660
1417820743
1417820551
1417820398
1417818154
1417733970
1417733928
1417555106
1417042791
1415942344
1415942143
1415663119
1415570076
1415353893
1415265897
1415264872
1415264702
1415264283
1414419648
1414401266
1414362042
1414361655
1414359231
1414356898
1414355547
1414355027
1414108451
1413822152
1413304830
1413170614
1412925747
1412921829
1412745650
1412745250
1412743988
1412524804
1412217905
1412202072
1412122474
1412048426
1412045524
1412043218
1411680758
1411675791
1411675397
1411246786
1411008683
1410730704
1410659036
1410464884
1410464364
1410463652
1410462692
1410308064
1410224661
1410194685
1410194534
1410189827
1410045258
1410044571
1410024336
1409876810
1409690444
1409690412
1409690395
1409685015
1409424094
1409424093
1409423288
1409422416
1409419438
1409248106
1409177735
1408345538
1408343911
1408194353
1408193542
1407423741
1407423103
1407421285
1407361271
1407172616
1407124964
1407123478
1407116872
1407116680
1407116437
1407115405
1406724429
1406643664
1406240894
1406210349
1406205272
1405977423
1405974061
1405958884
1405879494
1405878783
1405877952
1405877793
1405874091
1405873978
1405786717
1398739287
1398737621
1398737166
1398490785
1398490577
1398373684
1398369655
1398203968
1398183829
1397928028
1397926410
1397925845
1397925610
1397922594
1397879527
1397816687
1397811590
1397811002
1397809336
1397772768
1397585305
1397564381
1397409065
1397258164
1397212983
1397127489
1397060194
1397050791
1396956629
1396879746
1396879082
1396877263
1396874282
1396867875
1396815401
1396648232
1396647384
1396607805
1396528896
1396478891
1396442884
1396327159
1396324081
1396320255
1396320007
1396312612
1396311726
1396306033
1396304834
1396275724
1396208710
1396202169
1396200980
1396138302
1396070779
1396069522
1395807533
1395536062
1395502252
1395423657
1395082403
1395082279
1395061075
1395059361
1394990841
1394952326
1394898737
1394898466
1394897929
1394804811
1394802973
1394802546
1394761815
1394544480
1393977711
1393868451
1393817660
1393428008
1393381289
1393378450
1393297537
1393292616
1393292339
1393291756
1393287892
1392826146
1392490272
1392488649
1392487775
1392253606
1392252268
1392234717
1392219677
1392042053
1391896671
1391896145
1391878619
1391878285
1391876549
1391723090
1391638960
1391638663
1391637758
1391569267
1391476854
1391474973
1391452439
1391366776
1391361267
1391204444
1391204008
1390971184
1390831801
1390759950
1390529954
1390529470
1390441371
1390143745
1390143095
1390056824
1389796225
1389756512
1389717808
1389558361
1389226953
1389193280
1388683193
1388525370
1387499429
1387307867
1387307088
1387306589
1387233837
1387224739
1387155034
1387154696
1387153363
1387140090
1387063457
1387062190
1387062016
1387052620
1387039759
1386872751
1386773004
1386772477
1386553286
1386348619
1386278342
1386264396
1386176101
1385945480
1385156782
1385044245
1385006735
1384903493
1384899668
1384716004
1384540034
1384539029
1384287036
1383761852
1383761058
1383707570
1383707091
1383705200
1383610033
1383529873
1383510144
1383508098
1383507301
1383505671
1383412484
1383179045
1382980321
1382906842
1382906840
1382640083
1382483500
1382224331
1382222441
1382116534
1382053050
1382015928
1381442073
1381190543
1381119892
1381119538
1381118060
1381113897
1380994604
1380744650
1380742917
1380569848
1380477562
1380477044
1380224154
1380223759
1380223116
1380216135
1380162859
1380064565
1379985910
1379373743
1378943623
1378679644
1377711712
1377575491
1377573588
1377567142
1377153264
1377146280
1377145963
1377021254
1377020540
1377017678
1376887366
1376710365
1376709682
1376709544
1375774086
1375773211
1375338584
1375338238
1375338071
1374694953
1373685467
1373425443
1373425041
1373083188
1372895745
1372137058
1371791231
1371791014
1371703824
1371702039
1371573401
1371571829
1370565432
1370450706
1368667128
1367939318
1367935841
1366033685
1366032479
1365883865
1365736426
1365622241
1365573330
1365573267
1365374322
1365357180
1365356652
1365356389
1365356188
1365356187
1362270609
1359615776
1359610843
1359609782
1359598790
1359167696
1358813439
1357371461
1357116186
1356492610
1356142812
1355703702
1355692497
1355685784
1355552323
1355367095
1355348185
1354078015
1353811955
1353809108
1353546587
1353546017
1353087207
1353083588
1353083319
1352767810
1352757015
1352691981
1352689260
1352388539
1352387989
1352387744
1351993459
1351986280
1351984015
1351960609
1351869639
1351810822
1351810526
1351629481
1351628718
1351267499
1350788443
1350689764
1350484606
1350342630
1349878966
1349834502
1349673699
1349673220
1349390759
1349385471
1349384847
1349323998
1349316983
1349316097
1349305190
1349304682
1349215630
1349149515
1348112486
1348103677
1348098089
1347632054
1347546298
1345789873
1344995391
1344654146
1344353977
1344318909
1343787827
1343608960
1343394855
1343350095
1343348642
1343308657
1343308111
1343307776
1343063465
1342804350
1342098005
1341925144
1341924341
1341196075
1341101326
1341099623
1340839377
1340730052
1340728982
1340728396
1340670243
1340668591
1340320357
1340311796
1339727427
1339727152
1339624449
1339622637
1339622356
1339622079
1338765700
1337734662
1337722970
1337722747
1337721777
1337720862
1337697021
1337693020
1337348723
1337347323
1337346147
1337047804
1336877945
1336839681
1336702314
1336698459
1336698165
1336697865
1336416701
1335545359
1335231498
1335146726
1334448337
1334324938
1334116511
1334116242
1334115315
1334080000
1333861434
1333636452
1333595538
1333136987
1333136650
1332985654
1332968113
1332726851
1332725169
1332522230
1332440165
1332205962
1331216435
1331183561
1330982713
1329244051
1328198550
1328197645
1327810034
1327724284
1327718381
1327713789
1327712128
1327260132
1327255092
1325559863
1325558042
1325212763
1325210002
1324438350
1324145418
1324145122
1324098443
1323237915
1322973972
1322971453
1322803132
1322591203
1322531622
1322530910
1322530435
1322463856
1321926013
1321925448
1321910320
1320728166
1320725057
1320211717
1320204049
1320203235
1320035505
1320035412
1320034366
1320034143
1320031935
1319856878
1319856547
1319855208
1319775787
1319775027
1319775025
1319774773
1319773663
1319773233
1319605700
1319601106
1319600241
1319383117
1318907342
1318216980
1318037279
1317754808
1317530510
1317187866
1317185968
1317064963
1316927782
1316483423
1315714574
1315713245
1314932111
1314931850
1314772908
1314481553
1314305976
1314305683
1314305207
1314304969
1313989871
1313910599
1313853985
1313820389
1313814545
1313212733
1313127864
1312607496
1312605948
1312602841
1312602476
1311653366
1311651816
1311359256
1311346033
1311344954
1311344309
1311225327
1311219780
1310880412
1310878094
1310876340
1310876067
1307238303
1307161401
1305952115
1305601456
1304971715
1304565147
1303882929
1303878437
1302840813
1302840154
1302840007
1302838680
1296880459
1289354802
1289352900
1289352023
1289262271
